# external cosmogenics, factorised sampling table
# generated by make_external_cosmogenics_table.py from a 189875-row CSV
# energy in keV; cos_theta measured about the drift axis; phi in rad
#
# SPECIES <pdg> <n_particles> <representation>
# L    <ekin_keV> <count>                 discrete line, exact energy
# E    <lo_keV> <hi_keV> <count>          quantile-spaced continuum
# A    <cos_lo> <cos_hi> <phi_lo> <phi_hi> <count>
# RAW  <ekin_keV> <dirX> <dirY> <dirZ>    species below 200 particles

SPECIES 22 106030 binned
L 167.3 475
L 348.7 62
L 510.999 2349
L 516 295
L 659.95 75
L 838 100
L 1044.3 128
L 1063.25 114
L 1186.7 859
L 1267.18 132
L 1293.59 1847
L 1354 51
L 1431.75 78
L 1460.85 1013
L 1517.51 64
L 1642.67 52
L 1882.3 81
L 2130.8 84
L 2167.41 61
L 2224.57 142
L 2224.58 51
L 2524.1 78
L 2566.1 62
L 2614.2 77
L 2772.3 140
L 2781.2 57
L 2810.7 100
L 2842.4 61
L 3089.3 60
L 3150.5 89
L 3365.6 82
L 3700.7 367
L 4745 1326
L 4745.01 74
L 5583 293
L 7631.59 60
L 7646 76
E 6.78292 69.3441 742
E 69.3441 79.4118 741
E 79.4118 86.1461 742
E 86.1461 91.892 741
E 91.892 97.2759 742
E 97.2759 101.921 741
E 101.921 106.418 742
E 106.418 110.825 741
E 110.825 115.033 742
E 115.033 119.215 741
E 119.215 123.443 742
E 123.443 127.72 741
E 127.72 132.156 742
E 132.156 136.309 741
E 136.309 140.898 742
E 140.898 145.323 741
E 145.323 149.989 742
E 149.989 154.215 741
E 154.215 158.762 742
E 158.762 163.208 741
E 163.208 167.53 742
E 167.53 172.421 742
E 172.421 177.459 741
E 177.459 182.663 742
E 182.663 187.846 741
E 187.846 193.277 742
E 193.277 198.647 741
E 198.647 204.546 742
E 204.546 210.77 741
E 210.77 216.368 742
E 216.368 222.187 741
E 222.187 228.672 742
E 228.672 235.268 741
E 235.268 241.939 742
E 241.939 248.916 741
E 248.916 255.606 742
E 255.606 262.974 741
E 262.974 270.607 742
E 270.607 278.147 741
E 278.147 285.828 742
E 285.828 293.93 741
E 293.93 301.903 742
E 301.903 309.721 742
E 309.721 318.225 741
E 318.225 327.498 742
E 327.498 336.226 741
E 336.226 345.757 742
E 345.757 355.804 741
E 355.804 365.295 742
E 365.295 375.634 741
E 375.634 385.986 742
E 385.986 396.987 741
E 396.987 408.071 742
E 408.071 419.417 741
E 419.417 430.613 742
E 430.613 442.771 741
E 442.771 456.558 742
E 456.558 469.355 741
E 469.355 483.271 742
E 483.271 496.756 741
E 496.756 510.143 742
E 510.143 527.494 741
E 527.494 545.2 742
E 545.2 563.942 742
E 563.942 583.911 741
E 583.911 604.497 742
E 604.497 625.869 741
E 625.869 647.103 742
E 647.103 669.546 741
E 669.546 693.858 742
E 693.858 719.242 741
E 719.242 744.702 742
E 744.702 771.722 741
E 771.722 798.555 742
E 798.555 827.863 741
E 827.863 854.388 742
E 854.388 882.736 741
E 882.736 915.77 742
E 915.77 947.865 741
E 947.865 978.917 742
E 978.917 1010.92 741
E 1010.92 1044.87 742
E 1044.87 1078.65 741
E 1078.65 1116.24 742
E 1116.24 1154.07 741
E 1154.07 1196.13 742
E 1196.13 1241.81 742
E 1241.81 1282.36 741
E 1282.36 1329.17 742
E 1329.17 1379.28 741
E 1379.28 1428.89 742
E 1428.89 1458.42 741
E 1458.42 1460.69 742
E 1460.69 1500.35 741
E 1500.35 1560.58 742
E 1560.58 1627.39 741
E 1627.39 1700.47 742
E 1700.47 1758.9 741
E 1758.9 1832.22 742
E 1832.22 1920.89 741
E 1920.89 2003.46 742
E 2003.46 2083.22 741
E 2083.22 2165.11 742
E 2165.11 2234.42 741
E 2234.42 2339.83 742
E 2339.83 2459.15 741
E 2459.15 2572.12 742
E 2572.12 2696.54 742
E 2696.54 2829.87 741
E 2829.87 2959.15 742
E 2959.15 3111.16 741
E 3111.16 3269.11 742
E 3269.11 3440.44 741
E 3440.44 3630.3 742
E 3630.3 3847.84 741
E 3847.84 4066.33 742
E 4066.33 4296.79 741
E 4296.79 4552.75 742
E 4552.75 4810.11 741
E 4810.11 5218.23 742
E 5218.23 5657.76 741
E 5657.76 6188.61 742
E 6188.61 6905.12 741
E 6905.12 7769.1 742
E 7769.1 9200.13 741
E 9200.13 11818.1 742
E 11818.1 18734.3 741
E 18734.3 728706 742
A -1.0000 -0.8750 -3.1416 -2.6180 2006
A -1.0000 -0.8750 -2.6180 -2.0944 2296
A -1.0000 -0.8750 -2.0944 -1.5708 2337
A -1.0000 -0.8750 -1.5708 -1.0472 2282
A -1.0000 -0.8750 -1.0472 -0.5236 2173
A -1.0000 -0.8750 -0.5236 0.0000 2029
A -1.0000 -0.8750 0.0000 0.5236 1885
A -1.0000 -0.8750 0.5236 1.0472 1847
A -1.0000 -0.8750 1.0472 1.5708 1769
A -1.0000 -0.8750 1.5708 2.0944 1810
A -1.0000 -0.8750 2.0944 2.6180 1830
A -1.0000 -0.8750 2.6180 3.1416 1851
A -0.8750 -0.7500 -3.1416 -2.6180 1494
A -0.8750 -0.7500 -2.6180 -2.0944 1849
A -0.8750 -0.7500 -2.0944 -1.5708 2041
A -0.8750 -0.7500 -1.5708 -1.0472 2129
A -0.8750 -0.7500 -1.0472 -0.5236 1813
A -0.8750 -0.7500 -0.5236 0.0000 1510
A -0.8750 -0.7500 0.0000 0.5236 1354
A -0.8750 -0.7500 0.5236 1.0472 1344
A -0.8750 -0.7500 1.0472 1.5708 1326
A -0.8750 -0.7500 1.5708 2.0944 1393
A -0.8750 -0.7500 2.0944 2.6180 1314
A -0.8750 -0.7500 2.6180 3.1416 1330
A -0.7500 -0.6250 -3.1416 -2.6180 1064
A -0.7500 -0.6250 -2.6180 -2.0944 1401
A -0.7500 -0.6250 -2.0944 -1.5708 1680
A -0.7500 -0.6250 -1.5708 -1.0472 1671
A -0.7500 -0.6250 -1.0472 -0.5236 1404
A -0.7500 -0.6250 -0.5236 0.0000 1057
A -0.7500 -0.6250 0.0000 0.5236 997
A -0.7500 -0.6250 0.5236 1.0472 1078
A -0.7500 -0.6250 1.0472 1.5708 1101
A -0.7500 -0.6250 1.5708 2.0944 1091
A -0.7500 -0.6250 2.0944 2.6180 944
A -0.7500 -0.6250 2.6180 3.1416 1034
A -0.6250 -0.5000 -3.1416 -2.6180 712
A -0.6250 -0.5000 -2.6180 -2.0944 978
A -0.6250 -0.5000 -2.0944 -1.5708 1234
A -0.6250 -0.5000 -1.5708 -1.0472 1205
A -0.6250 -0.5000 -1.0472 -0.5236 986
A -0.6250 -0.5000 -0.5236 0.0000 730
A -0.6250 -0.5000 0.0000 0.5236 738
A -0.6250 -0.5000 0.5236 1.0472 848
A -0.6250 -0.5000 1.0472 1.5708 871
A -0.6250 -0.5000 1.5708 2.0944 908
A -0.6250 -0.5000 2.0944 2.6180 830
A -0.6250 -0.5000 2.6180 3.1416 665
A -0.5000 -0.3750 -3.1416 -2.6180 510
A -0.5000 -0.3750 -2.6180 -2.0944 657
A -0.5000 -0.3750 -2.0944 -1.5708 749
A -0.5000 -0.3750 -1.5708 -1.0472 761
A -0.5000 -0.3750 -1.0472 -0.5236 661
A -0.5000 -0.3750 -0.5236 0.0000 508
A -0.5000 -0.3750 0.0000 0.5236 539
A -0.5000 -0.3750 0.5236 1.0472 595
A -0.5000 -0.3750 1.0472 1.5708 686
A -0.5000 -0.3750 1.5708 2.0944 682
A -0.5000 -0.3750 2.0944 2.6180 638
A -0.5000 -0.3750 2.6180 3.1416 528
A -0.3750 -0.2500 -3.1416 -2.6180 329
A -0.3750 -0.2500 -2.6180 -2.0944 454
A -0.3750 -0.2500 -2.0944 -1.5708 565
A -0.3750 -0.2500 -1.5708 -1.0472 499
A -0.3750 -0.2500 -1.0472 -0.5236 453
A -0.3750 -0.2500 -0.5236 0.0000 330
A -0.3750 -0.2500 0.0000 0.5236 357
A -0.3750 -0.2500 0.5236 1.0472 471
A -0.3750 -0.2500 1.0472 1.5708 542
A -0.3750 -0.2500 1.5708 2.0944 561
A -0.3750 -0.2500 2.0944 2.6180 475
A -0.3750 -0.2500 2.6180 3.1416 329
A -0.2500 -0.1250 -3.1416 -2.6180 193
A -0.2500 -0.1250 -2.6180 -2.0944 272
A -0.2500 -0.1250 -2.0944 -1.5708 386
A -0.2500 -0.1250 -1.5708 -1.0472 356
A -0.2500 -0.1250 -1.0472 -0.5236 313
A -0.2500 -0.1250 -0.5236 0.0000 197
A -0.2500 -0.1250 0.0000 0.5236 206
A -0.2500 -0.1250 0.5236 1.0472 356
A -0.2500 -0.1250 1.0472 1.5708 422
A -0.2500 -0.1250 1.5708 2.0944 454
A -0.2500 -0.1250 2.0944 2.6180 379
A -0.2500 -0.1250 2.6180 3.1416 230
A -0.1250 0.0000 -3.1416 -2.6180 104
A -0.1250 0.0000 -2.6180 -2.0944 201
A -0.1250 0.0000 -2.0944 -1.5708 245
A -0.1250 0.0000 -1.5708 -1.0472 258
A -0.1250 0.0000 -1.0472 -0.5236 209
A -0.1250 0.0000 -0.5236 0.0000 109
A -0.1250 0.0000 0.0000 0.5236 118
A -0.1250 0.0000 0.5236 1.0472 237
A -0.1250 0.0000 1.0472 1.5708 328
A -0.1250 0.0000 1.5708 2.0944 311
A -0.1250 0.0000 2.0944 2.6180 240
A -0.1250 0.0000 2.6180 3.1416 134
A 0.0000 0.1250 -3.1416 -2.6180 79
A 0.0000 0.1250 -2.6180 -2.0944 163
A 0.0000 0.1250 -2.0944 -1.5708 223
A 0.0000 0.1250 -1.5708 -1.0472 221
A 0.0000 0.1250 -1.0472 -0.5236 130
A 0.0000 0.1250 -0.5236 0.0000 91
A 0.0000 0.1250 0.0000 0.5236 73
A 0.0000 0.1250 0.5236 1.0472 209
A 0.0000 0.1250 1.0472 1.5708 285
A 0.0000 0.1250 1.5708 2.0944 282
A 0.0000 0.1250 2.0944 2.6180 222
A 0.0000 0.1250 2.6180 3.1416 104
A 0.1250 0.2500 -3.1416 -2.6180 84
A 0.1250 0.2500 -2.6180 -2.0944 202
A 0.1250 0.2500 -2.0944 -1.5708 240
A 0.1250 0.2500 -1.5708 -1.0472 223
A 0.1250 0.2500 -1.0472 -0.5236 211
A 0.1250 0.2500 -0.5236 0.0000 85
A 0.1250 0.2500 0.0000 0.5236 100
A 0.1250 0.2500 0.5236 1.0472 219
A 0.1250 0.2500 1.0472 1.5708 305
A 0.1250 0.2500 1.5708 2.0944 331
A 0.1250 0.2500 2.0944 2.6180 190
A 0.1250 0.2500 2.6180 3.1416 103
A 0.2500 0.3750 -3.1416 -2.6180 99
A 0.2500 0.3750 -2.6180 -2.0944 193
A 0.2500 0.3750 -2.0944 -1.5708 238
A 0.2500 0.3750 -1.5708 -1.0472 246
A 0.2500 0.3750 -1.0472 -0.5236 222
A 0.2500 0.3750 -0.5236 0.0000 103
A 0.2500 0.3750 0.0000 0.5236 104
A 0.2500 0.3750 0.5236 1.0472 199
A 0.2500 0.3750 1.0472 1.5708 308
A 0.2500 0.3750 1.5708 2.0944 297
A 0.2500 0.3750 2.0944 2.6180 233
A 0.2500 0.3750 2.6180 3.1416 101
A 0.3750 0.5000 -3.1416 -2.6180 133
A 0.3750 0.5000 -2.6180 -2.0944 192
A 0.3750 0.5000 -2.0944 -1.5708 242
A 0.3750 0.5000 -1.5708 -1.0472 251
A 0.3750 0.5000 -1.0472 -0.5236 189
A 0.3750 0.5000 -0.5236 0.0000 121
A 0.3750 0.5000 0.0000 0.5236 125
A 0.3750 0.5000 0.5236 1.0472 221
A 0.3750 0.5000 1.0472 1.5708 276
A 0.3750 0.5000 1.5708 2.0944 301
A 0.3750 0.5000 2.0944 2.6180 198
A 0.3750 0.5000 2.6180 3.1416 105
A 0.5000 0.6250 -3.1416 -2.6180 125
A 0.5000 0.6250 -2.6180 -2.0944 175
A 0.5000 0.6250 -2.0944 -1.5708 236
A 0.5000 0.6250 -1.5708 -1.0472 230
A 0.5000 0.6250 -1.0472 -0.5236 213
A 0.5000 0.6250 -0.5236 0.0000 136
A 0.5000 0.6250 0.0000 0.5236 134
A 0.5000 0.6250 0.5236 1.0472 231
A 0.5000 0.6250 1.0472 1.5708 302
A 0.5000 0.6250 1.5708 2.0944 303
A 0.5000 0.6250 2.0944 2.6180 250
A 0.5000 0.6250 2.6180 3.1416 139
A 0.6250 0.7500 -3.1416 -2.6180 142
A 0.6250 0.7500 -2.6180 -2.0944 218
A 0.6250 0.7500 -2.0944 -1.5708 210
A 0.6250 0.7500 -1.5708 -1.0472 244
A 0.6250 0.7500 -1.0472 -0.5236 202
A 0.6250 0.7500 -0.5236 0.0000 125
A 0.6250 0.7500 0.0000 0.5236 147
A 0.6250 0.7500 0.5236 1.0472 251
A 0.6250 0.7500 1.0472 1.5708 293
A 0.6250 0.7500 1.5708 2.0944 238
A 0.6250 0.7500 2.0944 2.6180 232
A 0.6250 0.7500 2.6180 3.1416 159
A 0.7500 0.8750 -3.1416 -2.6180 143
A 0.7500 0.8750 -2.6180 -2.0944 220
A 0.7500 0.8750 -2.0944 -1.5708 226
A 0.7500 0.8750 -1.5708 -1.0472 239
A 0.7500 0.8750 -1.0472 -0.5236 208
A 0.7500 0.8750 -0.5236 0.0000 153
A 0.7500 0.8750 0.0000 0.5236 151
A 0.7500 0.8750 0.5236 1.0472 228
A 0.7500 0.8750 1.0472 1.5708 233
A 0.7500 0.8750 1.5708 2.0944 243
A 0.7500 0.8750 2.0944 2.6180 234
A 0.7500 0.8750 2.6180 3.1416 131
A 0.8750 1.0000 -3.1416 -2.6180 139
A 0.8750 1.0000 -2.6180 -2.0944 183
A 0.8750 1.0000 -2.0944 -1.5708 223
A 0.8750 1.0000 -1.5708 -1.0472 209
A 0.8750 1.0000 -1.0472 -0.5236 179
A 0.8750 1.0000 -0.5236 0.0000 171
A 0.8750 1.0000 0.0000 0.5236 143
A 0.8750 1.0000 0.5236 1.0472 212
A 0.8750 1.0000 1.0472 1.5708 205
A 0.8750 1.0000 1.5708 2.0944 205
A 0.8750 1.0000 2.0944 2.6180 192
A 0.8750 1.0000 2.6180 3.1416 177

SPECIES 2112 80774 binned
E 3.50826e-06 3.88777e-05 631
E 3.88777e-05 5.9114e-05 631
E 5.9114e-05 8.60203e-05 631
E 8.60203e-05 0.000129952 631
E 0.000129952 0.00030246 631
E 0.00030246 0.000933242 631
E 0.000933242 0.00244709 631
E 0.00244709 0.00586007 631
E 0.00586007 0.0123516 631
E 0.0123516 0.0261546 631
E 0.0261546 0.0533333 632
E 0.0533333 0.107269 631
E 0.107269 0.195457 631
E 0.195457 0.376209 631
E 0.376209 0.649021 631
E 0.649021 1.14006 631
E 1.14006 1.88167 631
E 1.88167 3.02485 631
E 3.02485 4.80101 631
E 4.80101 7.34278 631
E 7.34278 10.522 631
E 10.522 14.5424 631
E 14.5424 19.7485 631
E 19.7485 25.6052 631
E 25.6052 33.6131 631
E 33.6131 41.2314 631
E 41.2314 48.631 631
E 48.631 54.2345 631
E 54.2345 57.1384 631
E 57.1384 59.0659 631
E 59.0659 60.6797 631
E 60.6797 62.2588 632
E 62.2588 63.9407 631
E 63.9407 66.6842 631
E 66.6842 92.4108 631
E 92.4108 111.229 631
E 111.229 127.981 631
E 127.981 139.498 631
E 139.498 148.224 631
E 148.224 153.868 631
E 153.868 157.612 631
E 157.612 160.716 631
E 160.716 163.351 631
E 163.351 167.89 631
E 167.89 199.229 631
E 199.229 211.7 631
E 211.7 216.869 631
E 216.869 233.004 631
E 233.004 243.532 631
E 243.532 249.102 631
E 249.102 260.648 631
E 260.648 282.373 631
E 282.373 301.968 631
E 301.968 319.12 632
E 319.12 333.688 631
E 333.688 350.393 631
E 350.393 365.988 631
E 365.988 383.328 631
E 383.328 398.296 631
E 398.296 418.239 631
E 418.239 435.395 631
E 435.395 450.051 631
E 450.051 466.246 631
E 466.246 486.31 631
E 486.31 501.43 631
E 501.43 516.267 631
E 516.267 531.23 631
E 531.23 545.823 631
E 545.823 557.383 631
E 557.383 567.352 631
E 567.352 587.28 631
E 587.28 611.094 631
E 611.094 635.086 631
E 635.086 652.272 631
E 652.272 673.606 632
E 673.606 691.106 631
E 691.106 707.32 631
E 707.32 726.49 631
E 726.49 746.563 631
E 746.563 765.577 631
E 765.577 784.517 631
E 784.517 801.472 631
E 801.472 813.161 631
E 813.161 839.051 631
E 839.051 854.762 631
E 854.762 881.977 631
E 881.977 901.555 631
E 901.555 926.239 631
E 926.239 947.786 631
E 947.786 968.961 631
E 968.961 994.667 631
E 994.667 1024.3 631
E 1024.3 1064.09 631
E 1064.09 1093.61 631
E 1093.61 1122.34 631
E 1122.34 1161.59 631
E 1161.59 1192.83 632
E 1192.83 1219.65 631
E 1219.65 1260.58 631
E 1260.58 1307.61 631
E 1307.61 1377.22 631
E 1377.22 1430.34 631
E 1430.34 1504.36 631
E 1504.36 1606.07 631
E 1606.07 1703.05 631
E 1703.05 1832.25 631
E 1832.25 2000.97 631
E 2000.97 2204.13 631
E 2204.13 2456.26 631
E 2456.26 2792.09 631
E 2792.09 3249.77 631
E 3249.77 3861.02 631
E 3861.02 4715.46 631
E 4715.46 6077.79 631
E 6077.79 8445.32 631
E 8445.32 12762.9 631
E 12762.9 19472.6 631
E 19472.6 28495.4 632
E 28495.4 37925.6 631
E 37925.6 48495.8 631
E 48495.8 59460.8 631
E 59460.8 71464.9 631
E 71464.9 85582.4 631
E 85582.4 104352 631
E 104352 125769 631
E 125769 160504 631
E 160504 225293 631
E 225293 1.64996e+06 631
A -1.0000 -0.8750 -3.1416 -2.6180 1316
A -1.0000 -0.8750 -2.6180 -2.0944 1287
A -1.0000 -0.8750 -2.0944 -1.5708 1315
A -1.0000 -0.8750 -1.5708 -1.0472 1343
A -1.0000 -0.8750 -1.0472 -0.5236 1289
A -1.0000 -0.8750 -0.5236 0.0000 1246
A -1.0000 -0.8750 0.0000 0.5236 1268
A -1.0000 -0.8750 0.5236 1.0472 1226
A -1.0000 -0.8750 1.0472 1.5708 1250
A -1.0000 -0.8750 1.5708 2.0944 1302
A -1.0000 -0.8750 2.0944 2.6180 1314
A -1.0000 -0.8750 2.6180 3.1416 1265
A -0.8750 -0.7500 -3.1416 -2.6180 1057
A -0.8750 -0.7500 -2.6180 -2.0944 1137
A -0.8750 -0.7500 -2.0944 -1.5708 1231
A -0.8750 -0.7500 -1.5708 -1.0472 1250
A -0.8750 -0.7500 -1.0472 -0.5236 1124
A -0.8750 -0.7500 -0.5236 0.0000 1039
A -0.8750 -0.7500 0.0000 0.5236 1034
A -0.8750 -0.7500 0.5236 1.0472 1073
A -0.8750 -0.7500 1.0472 1.5708 1106
A -0.8750 -0.7500 1.5708 2.0944 1120
A -0.8750 -0.7500 2.0944 2.6180 1054
A -0.8750 -0.7500 2.6180 3.1416 1048
A -0.7500 -0.6250 -3.1416 -2.6180 883
A -0.7500 -0.6250 -2.6180 -2.0944 971
A -0.7500 -0.6250 -2.0944 -1.5708 948
A -0.7500 -0.6250 -1.5708 -1.0472 1005
A -0.7500 -0.6250 -1.0472 -0.5236 942
A -0.7500 -0.6250 -0.5236 0.0000 796
A -0.7500 -0.6250 0.0000 0.5236 890
A -0.7500 -0.6250 0.5236 1.0472 913
A -0.7500 -0.6250 1.0472 1.5708 879
A -0.7500 -0.6250 1.5708 2.0944 914
A -0.7500 -0.6250 2.0944 2.6180 945
A -0.7500 -0.6250 2.6180 3.1416 910
A -0.6250 -0.5000 -3.1416 -2.6180 694
A -0.6250 -0.5000 -2.6180 -2.0944 778
A -0.6250 -0.5000 -2.0944 -1.5708 825
A -0.6250 -0.5000 -1.5708 -1.0472 834
A -0.6250 -0.5000 -1.0472 -0.5236 735
A -0.6250 -0.5000 -0.5236 0.0000 650
A -0.6250 -0.5000 0.0000 0.5236 660
A -0.6250 -0.5000 0.5236 1.0472 721
A -0.6250 -0.5000 1.0472 1.5708 774
A -0.6250 -0.5000 1.5708 2.0944 769
A -0.6250 -0.5000 2.0944 2.6180 744
A -0.6250 -0.5000 2.6180 3.1416 637
A -0.5000 -0.3750 -3.1416 -2.6180 503
A -0.5000 -0.3750 -2.6180 -2.0944 574
A -0.5000 -0.3750 -2.0944 -1.5708 620
A -0.5000 -0.3750 -1.5708 -1.0472 632
A -0.5000 -0.3750 -1.0472 -0.5236 578
A -0.5000 -0.3750 -0.5236 0.0000 496
A -0.5000 -0.3750 0.0000 0.5236 568
A -0.5000 -0.3750 0.5236 1.0472 601
A -0.5000 -0.3750 1.0472 1.5708 592
A -0.5000 -0.3750 1.5708 2.0944 632
A -0.5000 -0.3750 2.0944 2.6180 585
A -0.5000 -0.3750 2.6180 3.1416 510
A -0.3750 -0.2500 -3.1416 -2.6180 366
A -0.3750 -0.2500 -2.6180 -2.0944 428
A -0.3750 -0.2500 -2.0944 -1.5708 486
A -0.3750 -0.2500 -1.5708 -1.0472 472
A -0.3750 -0.2500 -1.0472 -0.5236 429
A -0.3750 -0.2500 -0.5236 0.0000 349
A -0.3750 -0.2500 0.0000 0.5236 371
A -0.3750 -0.2500 0.5236 1.0472 424
A -0.3750 -0.2500 1.0472 1.5708 456
A -0.3750 -0.2500 1.5708 2.0944 465
A -0.3750 -0.2500 2.0944 2.6180 440
A -0.3750 -0.2500 2.6180 3.1416 366
A -0.2500 -0.1250 -3.1416 -2.6180 224
A -0.2500 -0.1250 -2.6180 -2.0944 303
A -0.2500 -0.1250 -2.0944 -1.5708 327
A -0.2500 -0.1250 -1.5708 -1.0472 325
A -0.2500 -0.1250 -1.0472 -0.5236 338
A -0.2500 -0.1250 -0.5236 0.0000 214
A -0.2500 -0.1250 0.0000 0.5236 246
A -0.2500 -0.1250 0.5236 1.0472 309
A -0.2500 -0.1250 1.0472 1.5708 321
A -0.2500 -0.1250 1.5708 2.0944 309
A -0.2500 -0.1250 2.0944 2.6180 273
A -0.2500 -0.1250 2.6180 3.1416 226
A -0.1250 0.0000 -3.1416 -2.6180 96
A -0.1250 0.0000 -2.6180 -2.0944 168
A -0.1250 0.0000 -2.0944 -1.5708 224
A -0.1250 0.0000 -1.5708 -1.0472 223
A -0.1250 0.0000 -1.0472 -0.5236 155
A -0.1250 0.0000 -0.5236 0.0000 94
A -0.1250 0.0000 0.0000 0.5236 122
A -0.1250 0.0000 0.5236 1.0472 180
A -0.1250 0.0000 1.0472 1.5708 212
A -0.1250 0.0000 1.5708 2.0944 249
A -0.1250 0.0000 2.0944 2.6180 164
A -0.1250 0.0000 2.6180 3.1416 117
A 0.0000 0.1250 -3.1416 -2.6180 56
A 0.0000 0.1250 -2.6180 -2.0944 128
A 0.0000 0.1250 -2.0944 -1.5708 207
A 0.0000 0.1250 -1.5708 -1.0472 179
A 0.0000 0.1250 -1.0472 -0.5236 136
A 0.0000 0.1250 -0.5236 0.0000 63
A 0.0000 0.1250 0.0000 0.5236 57
A 0.0000 0.1250 0.5236 1.0472 136
A 0.0000 0.1250 1.0472 1.5708 181
A 0.0000 0.1250 1.5708 2.0944 171
A 0.0000 0.1250 2.0944 2.6180 143
A 0.0000 0.1250 2.6180 3.1416 64
A 0.1250 0.2500 -3.1416 -2.6180 76
A 0.1250 0.2500 -2.6180 -2.0944 141
A 0.1250 0.2500 -2.0944 -1.5708 190
A 0.1250 0.2500 -1.5708 -1.0472 201
A 0.1250 0.2500 -1.0472 -0.5236 147
A 0.1250 0.2500 -0.5236 0.0000 50
A 0.1250 0.2500 0.0000 0.5236 62
A 0.1250 0.2500 0.5236 1.0472 156
A 0.1250 0.2500 1.0472 1.5708 191
A 0.1250 0.2500 1.5708 2.0944 215
A 0.1250 0.2500 2.0944 2.6180 159
A 0.1250 0.2500 2.6180 3.1416 67
A 0.2500 0.3750 -3.1416 -2.6180 92
A 0.2500 0.3750 -2.6180 -2.0944 167
A 0.2500 0.3750 -2.0944 -1.5708 217
A 0.2500 0.3750 -1.5708 -1.0472 198
A 0.2500 0.3750 -1.0472 -0.5236 123
A 0.2500 0.3750 -0.5236 0.0000 77
A 0.2500 0.3750 0.0000 0.5236 85
A 0.2500 0.3750 0.5236 1.0472 152
A 0.2500 0.3750 1.0472 1.5708 197
A 0.2500 0.3750 1.5708 2.0944 226
A 0.2500 0.3750 2.0944 2.6180 168
A 0.2500 0.3750 2.6180 3.1416 74
A 0.3750 0.5000 -3.1416 -2.6180 82
A 0.3750 0.5000 -2.6180 -2.0944 151
A 0.3750 0.5000 -2.0944 -1.5708 208
A 0.3750 0.5000 -1.5708 -1.0472 178
A 0.3750 0.5000 -1.0472 -0.5236 162
A 0.3750 0.5000 -0.5236 0.0000 105
A 0.3750 0.5000 0.0000 0.5236 106
A 0.3750 0.5000 0.5236 1.0472 155
A 0.3750 0.5000 1.0472 1.5708 205
A 0.3750 0.5000 1.5708 2.0944 191
A 0.3750 0.5000 2.0944 2.6180 145
A 0.3750 0.5000 2.6180 3.1416 104
A 0.5000 0.6250 -3.1416 -2.6180 118
A 0.5000 0.6250 -2.6180 -2.0944 166
A 0.5000 0.6250 -2.0944 -1.5708 189
A 0.5000 0.6250 -1.5708 -1.0472 234
A 0.5000 0.6250 -1.0472 -0.5236 158
A 0.5000 0.6250 -0.5236 0.0000 112
A 0.5000 0.6250 0.0000 0.5236 127
A 0.5000 0.6250 0.5236 1.0472 156
A 0.5000 0.6250 1.0472 1.5708 192
A 0.5000 0.6250 1.5708 2.0944 214
A 0.5000 0.6250 2.0944 2.6180 191
A 0.5000 0.6250 2.6180 3.1416 128
A 0.6250 0.7500 -3.1416 -2.6180 127
A 0.6250 0.7500 -2.6180 -2.0944 196
A 0.6250 0.7500 -2.0944 -1.5708 196
A 0.6250 0.7500 -1.5708 -1.0472 189
A 0.6250 0.7500 -1.0472 -0.5236 172
A 0.6250 0.7500 -0.5236 0.0000 125
A 0.6250 0.7500 0.0000 0.5236 121
A 0.6250 0.7500 0.5236 1.0472 171
A 0.6250 0.7500 1.0472 1.5708 215
A 0.6250 0.7500 1.5708 2.0944 206
A 0.6250 0.7500 2.0944 2.6180 167
A 0.6250 0.7500 2.6180 3.1416 147
A 0.7500 0.8750 -3.1416 -2.6180 136
A 0.7500 0.8750 -2.6180 -2.0944 169
A 0.7500 0.8750 -2.0944 -1.5708 199
A 0.7500 0.8750 -1.5708 -1.0472 219
A 0.7500 0.8750 -1.0472 -0.5236 187
A 0.7500 0.8750 -0.5236 0.0000 137
A 0.7500 0.8750 0.0000 0.5236 153
A 0.7500 0.8750 0.5236 1.0472 186
A 0.7500 0.8750 1.0472 1.5708 214
A 0.7500 0.8750 1.5708 2.0944 194
A 0.7500 0.8750 2.0944 2.6180 158
A 0.7500 0.8750 2.6180 3.1416 152
A 0.8750 1.0000 -3.1416 -2.6180 170
A 0.8750 1.0000 -2.6180 -2.0944 165
A 0.8750 1.0000 -2.0944 -1.5708 192
A 0.8750 1.0000 -1.5708 -1.0472 175
A 0.8750 1.0000 -1.0472 -0.5236 169
A 0.8750 1.0000 -0.5236 0.0000 128
A 0.8750 1.0000 0.0000 0.5236 200
A 0.8750 1.0000 0.5236 1.0472 156
A 0.8750 1.0000 1.0472 1.5708 172
A 0.8750 1.0000 1.5708 2.0944 177
A 0.8750 1.0000 2.0944 2.6180 180
A 0.8750 1.0000 2.6180 3.1416 152

SPECIES 11 2248 binned
E 4.41247 27.9416 18
E 27.9416 42.595 17
E 42.595 54.6719 18
E 54.6719 61.8118 17
E 61.8118 74.5053 18
E 74.5053 87.4002 17
E 87.4002 100.118 18
E 100.118 108.85 17
E 108.85 125.638 18
E 125.638 138.755 18
E 138.755 151.206 17
E 151.206 166.505 18
E 166.505 179.778 17
E 179.778 192.75 18
E 192.75 203.623 17
E 203.623 221.095 18
E 221.095 235.567 18
E 235.567 248.432 17
E 248.432 259.058 18
E 259.058 267.172 17
E 267.172 280.995 18
E 280.995 295.362 17
E 295.362 308.337 18
E 308.337 321.61 18
E 321.61 330.563 17
E 330.563 347.448 18
E 347.448 358.065 17
E 358.065 371.458 18
E 371.458 385.815 17
E 385.815 398.991 18
E 398.991 414.856 17
E 414.856 428.846 18
E 428.846 443.05 18
E 443.05 466.633 17
E 466.633 481.828 18
E 481.828 504.92 17
E 504.92 524.544 18
E 524.544 539.571 17
E 539.571 554.682 18
E 554.682 577.359 17
E 577.359 590.528 18
E 590.528 604.987 18
E 604.987 615.103 17
E 615.103 630.897 18
E 630.897 654.585 17
E 654.585 674.876 18
E 674.876 699.892 17
E 699.892 720.44 18
E 720.44 746.635 18
E 746.635 773.012 17
E 773.012 786.689 18
E 786.689 804.44 17
E 804.44 819.171 18
E 819.171 842.853 17
E 842.853 864.834 18
E 864.834 886.3 18
E 886.3 902.345 17
E 902.345 919.283 18
E 919.283 936.804 17
E 936.804 954.013 18
E 954.013 976.706 17
E 976.706 999.357 18
E 999.357 1023.12 17
E 1023.12 1049.44 18
E 1049.44 1086.67 18
E 1086.67 1114.12 17
E 1114.12 1140.22 18
E 1140.22 1166.59 17
E 1166.59 1196.95 18
E 1196.95 1241.66 17
E 1241.66 1281.81 18
E 1281.81 1331.81 17
E 1331.81 1359.37 18
E 1359.37 1402.59 18
E 1402.59 1433.97 17
E 1433.97 1462.81 18
E 1462.81 1502.43 17
E 1502.43 1545.78 18
E 1545.78 1582.62 17
E 1582.62 1640.19 18
E 1640.19 1694.38 18
E 1694.38 1748.52 17
E 1748.52 1791.05 18
E 1791.05 1869.66 17
E 1869.66 1959.82 18
E 1959.82 2041.12 17
E 2041.12 2127 18
E 2127 2222.98 18
E 2222.98 2286.08 17
E 2286.08 2384.84 18
E 2384.84 2468.22 17
E 2468.22 2531.6 18
E 2531.6 2615.4 17
E 2615.4 2688.66 18
E 2688.66 2778.36 17
E 2778.36 2843.99 18
E 2843.99 2968.92 18
E 2968.92 3008.38 17
E 3008.38 3072.58 18
E 3072.58 3178.73 17
E 3178.73 3317.39 18
E 3317.39 3457.01 17
E 3457.01 3598.17 18
E 3598.17 3729.04 17
E 3729.04 3888.34 18
E 3888.34 4052.05 18
E 4052.05 4210.6 17
E 4210.6 4432.71 18
E 4432.71 4669 17
E 4669 5002.85 18
E 5002.85 5209.22 17
E 5209.22 5439.51 18
E 5439.51 5884.7 18
E 5884.7 6453.06 17
E 6453.06 6937.73 18
E 6937.73 7536.6 17
E 7536.6 8155.43 18
E 8155.43 8673.41 17
E 8673.41 9554.93 18
E 9554.93 10802.8 18
E 10802.8 12194.4 17
E 12194.4 15194.5 18
E 15194.5 17344.6 17
E 17344.6 20667.5 18
E 20667.5 26074.1 17
E 26074.1 37261.6 18
E 37261.6 59032.8 17
E 59032.8 308552 18
A -1.0000 -0.8750 -3.1416 -2.6180 38
A -1.0000 -0.8750 -2.6180 -2.0944 41
A -1.0000 -0.8750 -2.0944 -1.5708 48
A -1.0000 -0.8750 -1.5708 -1.0472 41
A -1.0000 -0.8750 -1.0472 -0.5236 38
A -1.0000 -0.8750 -0.5236 0.0000 38
A -1.0000 -0.8750 0.0000 0.5236 43
A -1.0000 -0.8750 0.5236 1.0472 29
A -1.0000 -0.8750 1.0472 1.5708 25
A -1.0000 -0.8750 1.5708 2.0944 34
A -1.0000 -0.8750 2.0944 2.6180 26
A -1.0000 -0.8750 2.6180 3.1416 37
A -0.8750 -0.7500 -3.1416 -2.6180 33
A -0.8750 -0.7500 -2.6180 -2.0944 32
A -0.8750 -0.7500 -2.0944 -1.5708 47
A -0.8750 -0.7500 -1.5708 -1.0472 35
A -0.8750 -0.7500 -1.0472 -0.5236 43
A -0.8750 -0.7500 -0.5236 0.0000 36
A -0.8750 -0.7500 0.0000 0.5236 21
A -0.8750 -0.7500 0.5236 1.0472 29
A -0.8750 -0.7500 1.0472 1.5708 20
A -0.8750 -0.7500 1.5708 2.0944 33
A -0.8750 -0.7500 2.0944 2.6180 26
A -0.8750 -0.7500 2.6180 3.1416 25
A -0.7500 -0.6250 -3.1416 -2.6180 19
A -0.7500 -0.6250 -2.6180 -2.0944 33
A -0.7500 -0.6250 -2.0944 -1.5708 32
A -0.7500 -0.6250 -1.5708 -1.0472 31
A -0.7500 -0.6250 -1.0472 -0.5236 29
A -0.7500 -0.6250 -0.5236 0.0000 18
A -0.7500 -0.6250 0.0000 0.5236 15
A -0.7500 -0.6250 0.5236 1.0472 20
A -0.7500 -0.6250 1.0472 1.5708 15
A -0.7500 -0.6250 1.5708 2.0944 14
A -0.7500 -0.6250 2.0944 2.6180 24
A -0.7500 -0.6250 2.6180 3.1416 21
A -0.6250 -0.5000 -3.1416 -2.6180 16
A -0.6250 -0.5000 -2.6180 -2.0944 18
A -0.6250 -0.5000 -2.0944 -1.5708 28
A -0.6250 -0.5000 -1.5708 -1.0472 26
A -0.6250 -0.5000 -1.0472 -0.5236 20
A -0.6250 -0.5000 -0.5236 0.0000 20
A -0.6250 -0.5000 0.0000 0.5236 17
A -0.6250 -0.5000 0.5236 1.0472 17
A -0.6250 -0.5000 1.0472 1.5708 23
A -0.6250 -0.5000 1.5708 2.0944 19
A -0.6250 -0.5000 2.0944 2.6180 18
A -0.6250 -0.5000 2.6180 3.1416 14
A -0.5000 -0.3750 -3.1416 -2.6180 9
A -0.5000 -0.3750 -2.6180 -2.0944 19
A -0.5000 -0.3750 -2.0944 -1.5708 17
A -0.5000 -0.3750 -1.5708 -1.0472 21
A -0.5000 -0.3750 -1.0472 -0.5236 15
A -0.5000 -0.3750 -0.5236 0.0000 19
A -0.5000 -0.3750 0.0000 0.5236 8
A -0.5000 -0.3750 0.5236 1.0472 8
A -0.5000 -0.3750 1.0472 1.5708 14
A -0.5000 -0.3750 1.5708 2.0944 19
A -0.5000 -0.3750 2.0944 2.6180 10
A -0.5000 -0.3750 2.6180 3.1416 7
A -0.3750 -0.2500 -3.1416 -2.6180 8
A -0.3750 -0.2500 -2.6180 -2.0944 10
A -0.3750 -0.2500 -2.0944 -1.5708 18
A -0.3750 -0.2500 -1.5708 -1.0472 14
A -0.3750 -0.2500 -1.0472 -0.5236 10
A -0.3750 -0.2500 -0.5236 0.0000 6
A -0.3750 -0.2500 0.0000 0.5236 12
A -0.3750 -0.2500 0.5236 1.0472 10
A -0.3750 -0.2500 1.0472 1.5708 7
A -0.3750 -0.2500 1.5708 2.0944 16
A -0.3750 -0.2500 2.0944 2.6180 9
A -0.3750 -0.2500 2.6180 3.1416 10
A -0.2500 -0.1250 -3.1416 -2.6180 3
A -0.2500 -0.1250 -2.6180 -2.0944 11
A -0.2500 -0.1250 -2.0944 -1.5708 13
A -0.2500 -0.1250 -1.5708 -1.0472 14
A -0.2500 -0.1250 -1.0472 -0.5236 5
A -0.2500 -0.1250 -0.5236 0.0000 5
A -0.2500 -0.1250 0.0000 0.5236 4
A -0.2500 -0.1250 0.5236 1.0472 6
A -0.2500 -0.1250 1.0472 1.5708 8
A -0.2500 -0.1250 1.5708 2.0944 7
A -0.2500 -0.1250 2.0944 2.6180 8
A -0.2500 -0.1250 2.6180 3.1416 7
A -0.1250 0.0000 -3.1416 -2.6180 1
A -0.1250 0.0000 -2.6180 -2.0944 10
A -0.1250 0.0000 -2.0944 -1.5708 9
A -0.1250 0.0000 -1.5708 -1.0472 14
A -0.1250 0.0000 -1.0472 -0.5236 8
A -0.1250 0.0000 -0.5236 0.0000 3
A -0.1250 0.0000 0.0000 0.5236 3
A -0.1250 0.0000 0.5236 1.0472 4
A -0.1250 0.0000 1.0472 1.5708 9
A -0.1250 0.0000 1.5708 2.0944 12
A -0.1250 0.0000 2.0944 2.6180 4
A -0.1250 0.0000 2.6180 3.1416 1
A 0.0000 0.1250 -3.1416 -2.6180 2
A 0.0000 0.1250 -2.6180 -2.0944 7
A 0.0000 0.1250 -2.0944 -1.5708 8
A 0.0000 0.1250 -1.5708 -1.0472 3
A 0.0000 0.1250 -1.0472 -0.5236 6
A 0.0000 0.1250 -0.5236 0.0000 2
A 0.0000 0.1250 0.0000 0.5236 1
A 0.0000 0.1250 0.5236 1.0472 3
A 0.0000 0.1250 1.0472 1.5708 7
A 0.0000 0.1250 1.5708 2.0944 4
A 0.0000 0.1250 2.0944 2.6180 7
A 0.0000 0.1250 2.6180 3.1416 2
A 0.1250 0.2500 -3.1416 -2.6180 1
A 0.1250 0.2500 -2.6180 -2.0944 2
A 0.1250 0.2500 -2.0944 -1.5708 13
A 0.1250 0.2500 -1.5708 -1.0472 6
A 0.1250 0.2500 -1.0472 -0.5236 7
A 0.1250 0.2500 -0.5236 0.0000 1
A 0.1250 0.2500 0.0000 0.5236 1
A 0.1250 0.2500 0.5236 1.0472 4
A 0.1250 0.2500 1.0472 1.5708 9
A 0.1250 0.2500 1.5708 2.0944 9
A 0.1250 0.2500 2.0944 2.6180 7
A 0.1250 0.2500 2.6180 3.1416 2
A 0.2500 0.3750 -3.1416 -2.6180 1
A 0.2500 0.3750 -2.6180 -2.0944 4
A 0.2500 0.3750 -2.0944 -1.5708 4
A 0.2500 0.3750 -1.5708 -1.0472 6
A 0.2500 0.3750 -1.0472 -0.5236 3
A 0.2500 0.3750 -0.5236 0.0000 2
A 0.2500 0.3750 0.0000 0.5236 1
A 0.2500 0.3750 0.5236 1.0472 5
A 0.2500 0.3750 1.0472 1.5708 2
A 0.2500 0.3750 1.5708 2.0944 7
A 0.2500 0.3750 2.0944 2.6180 7
A 0.2500 0.3750 2.6180 3.1416 1
A 0.3750 0.5000 -3.1416 -2.6180 4
A 0.3750 0.5000 -2.6180 -2.0944 3
A 0.3750 0.5000 -2.0944 -1.5708 7
A 0.3750 0.5000 -1.5708 -1.0472 8
A 0.3750 0.5000 -1.0472 -0.5236 3
A 0.3750 0.5000 -0.5236 0.0000 2
A 0.3750 0.5000 0.0000 0.5236 6
A 0.3750 0.5000 0.5236 1.0472 6
A 0.3750 0.5000 1.0472 1.5708 9
A 0.3750 0.5000 1.5708 2.0944 9
A 0.3750 0.5000 2.0944 2.6180 6
A 0.3750 0.5000 2.6180 3.1416 5
A 0.5000 0.6250 -3.1416 -2.6180 4
A 0.5000 0.6250 -2.6180 -2.0944 2
A 0.5000 0.6250 -2.0944 -1.5708 5
A 0.5000 0.6250 -1.5708 -1.0472 5
A 0.5000 0.6250 -1.0472 -0.5236 4
A 0.5000 0.6250 -0.5236 0.0000 6
A 0.5000 0.6250 0.0000 0.5236 3
A 0.5000 0.6250 0.5236 1.0472 3
A 0.5000 0.6250 1.0472 1.5708 9
A 0.5000 0.6250 1.5708 2.0944 2
A 0.5000 0.6250 2.0944 2.6180 3
A 0.5000 0.6250 2.6180 3.1416 1
A 0.6250 0.7500 -3.1416 -2.6180 4
A 0.6250 0.7500 -2.6180 -2.0944 4
A 0.6250 0.7500 -2.0944 -1.5708 9
A 0.6250 0.7500 -1.5708 -1.0472 8
A 0.6250 0.7500 -1.0472 -0.5236 7
A 0.6250 0.7500 -0.5236 0.0000 6
A 0.6250 0.7500 0.0000 0.5236 4
A 0.6250 0.7500 0.5236 1.0472 7
A 0.6250 0.7500 1.0472 1.5708 2
A 0.6250 0.7500 1.5708 2.0944 5
A 0.6250 0.7500 2.0944 2.6180 5
A 0.6250 0.7500 2.6180 3.1416 8
A 0.7500 0.8750 -3.1416 -2.6180 1
A 0.7500 0.8750 -2.6180 -2.0944 4
A 0.7500 0.8750 -2.0944 -1.5708 4
A 0.7500 0.8750 -1.5708 -1.0472 8
A 0.7500 0.8750 -1.0472 -0.5236 4
A 0.7500 0.8750 -0.5236 0.0000 6
A 0.7500 0.8750 0.0000 0.5236 5
A 0.7500 0.8750 0.5236 1.0472 3
A 0.7500 0.8750 1.0472 1.5708 12
A 0.7500 0.8750 1.5708 2.0944 8
A 0.7500 0.8750 2.0944 2.6180 4
A 0.7500 0.8750 2.6180 3.1416 5
A 0.8750 1.0000 -3.1416 -2.6180 4
A 0.8750 1.0000 -2.6180 -2.0944 2
A 0.8750 1.0000 -2.0944 -1.5708 4
A 0.8750 1.0000 -1.5708 -1.0472 7
A 0.8750 1.0000 -1.0472 -0.5236 8
A 0.8750 1.0000 -0.5236 0.0000 2
A 0.8750 1.0000 0.0000 0.5236 7
A 0.8750 1.0000 0.5236 1.0472 6
A 0.8750 1.0000 1.0472 1.5708 2
A 0.8750 1.0000 1.5708 2.0944 5
A 0.8750 1.0000 2.0944 2.6180 4
A 0.8750 1.0000 2.6180 3.1416 2

SPECIES -11 353 binned
E 232.857 277.198 3
E 277.198 331.337 3
E 331.337 388.862 2
E 388.862 461.582 3
E 461.582 496.991 3
E 496.991 521.096 3
E 521.096 608.79 2
E 608.79 617.629 3
E 617.629 652.288 3
E 652.288 718.473 3
E 718.473 771.911 2
E 771.911 797.146 3
E 797.146 817.815 3
E 817.815 848.655 3
E 848.655 914.551 2
E 914.551 1023.72 3
E 1023.72 1080.04 3
E 1080.04 1162.02 3
E 1162.02 1185.87 2
E 1185.87 1208.74 3
E 1208.74 1287.3 3
E 1287.3 1370.58 3
E 1370.58 1424.23 2
E 1424.23 1484.44 3
E 1484.44 1605.72 3
E 1605.72 1658.98 3
E 1658.98 1751.77 2
E 1751.77 1794.46 3
E 1794.46 1875.1 3
E 1875.1 1913.45 3
E 1913.45 2019.8 2
E 2019.8 2033 3
E 2033 2080.08 3
E 2080.08 2163.78 3
E 2163.78 2206 3
E 2206 2251.48 2
E 2251.48 2405.82 3
E 2405.82 2460.1 3
E 2460.1 2520.33 3
E 2520.33 2648.01 2
E 2648.01 2699.8 3
E 2699.8 2860.07 3
E 2860.07 2907.1 3
E 2907.1 2947.84 2
E 2947.84 3042.84 3
E 3042.84 3122.97 3
E 3122.97 3262.11 3
E 3262.11 3409.38 2
E 3409.38 3561.47 3
E 3561.47 3569.45 3
E 3569.45 3720.94 3
E 3720.94 3812.04 2
E 3812.04 3871.06 3
E 3871.06 3940.77 3
E 3940.77 4022.59 3
E 4022.59 4196.24 2
E 4196.24 4415.77 3
E 4415.77 4512.1 3
E 4512.1 4577.66 3
E 4577.66 4730.53 2
E 4730.53 4827.16 3
E 4827.16 5040.6 3
E 5040.6 5088.08 3
E 5088.08 5395.73 2
E 5395.73 5558.83 3
E 5558.83 5804.03 3
E 5804.03 5917.43 3
E 5917.43 6163.58 3
E 6163.58 6332.78 2
E 6332.78 6439.45 3
E 6439.45 6841.76 3
E 6841.76 6988.34 3
E 6988.34 7201.06 2
E 7201.06 7270.53 3
E 7270.53 7356.93 3
E 7356.93 7516.1 3
E 7516.1 7813.26 2
E 7813.26 7872.71 3
E 7872.71 8124.88 3
E 8124.88 8395.21 3
E 8395.21 8492.01 2
E 8492.01 9024.83 3
E 9024.83 9300.15 3
E 9300.15 9529.19 3
E 9529.19 9850.4 2
E 9850.4 10131.9 3
E 10131.9 10592.4 3
E 10592.4 10789.8 3
E 10789.8 11262.4 2
E 11262.4 11634 3
E 11634 11982.8 3
E 11982.8 12304.6 3
E 12304.6 12539.2 2
E 12539.2 13182.9 3
E 13182.9 13851.6 3
E 13851.6 14804.1 3
E 14804.1 15654.7 3
E 15654.7 16790.5 2
E 16790.5 17194 3
E 17194 17852.6 3
E 17852.6 18679.6 3
E 18679.6 20767.5 2
E 20767.5 21602.1 3
E 21602.1 22104.5 3
E 22104.5 23715.6 3
E 23715.6 24673.1 2
E 24673.1 24734.9 3
E 24734.9 25822.5 3
E 25822.5 26727.5 3
E 26727.5 26939.8 2
E 26939.8 28214.8 3
E 28214.8 30162.6 3
E 30162.6 32349.2 3
E 32349.2 34735.5 2
E 34735.5 35125.5 3
E 35125.5 36373.9 3
E 36373.9 39636.8 3
E 39636.8 40718.2 2
E 40718.2 44000.1 3
E 44000.1 46107.6 3
E 46107.6 52066.6 3
E 52066.6 54235.6 2
E 54235.6 56319.7 3
E 56319.7 65757.9 3
E 65757.9 77244.7 3
E 77244.7 93167.7 2
E 93167.7 123984 3
E 123984 262433 3
A -1.0000 -0.8750 -3.1416 -2.6180 6
A -1.0000 -0.8750 -2.6180 -2.0944 16
A -1.0000 -0.8750 -2.0944 -1.5708 9
A -1.0000 -0.8750 -1.5708 -1.0472 11
A -1.0000 -0.8750 -1.0472 -0.5236 14
A -1.0000 -0.8750 -0.5236 0.0000 10
A -1.0000 -0.8750 0.0000 0.5236 5
A -1.0000 -0.8750 0.5236 1.0472 4
A -1.0000 -0.8750 1.0472 1.5708 8
A -1.0000 -0.8750 1.5708 2.0944 6
A -1.0000 -0.8750 2.0944 2.6180 3
A -0.8750 -0.7500 -3.1416 -2.6180 9
A -0.8750 -0.7500 -2.6180 -2.0944 7
A -0.8750 -0.7500 -2.0944 -1.5708 12
A -0.8750 -0.7500 -1.5708 -1.0472 11
A -0.8750 -0.7500 -1.0472 -0.5236 4
A -0.8750 -0.7500 -0.5236 0.0000 8
A -0.8750 -0.7500 0.0000 0.5236 6
A -0.8750 -0.7500 0.5236 1.0472 1
A -0.8750 -0.7500 1.0472 1.5708 1
A -0.8750 -0.7500 1.5708 2.0944 5
A -0.8750 -0.7500 2.0944 2.6180 1
A -0.8750 -0.7500 2.6180 3.1416 4
A -0.7500 -0.6250 -3.1416 -2.6180 4
A -0.7500 -0.6250 -2.6180 -2.0944 7
A -0.7500 -0.6250 -2.0944 -1.5708 5
A -0.7500 -0.6250 -1.5708 -1.0472 7
A -0.7500 -0.6250 -1.0472 -0.5236 8
A -0.7500 -0.6250 -0.5236 0.0000 2
A -0.7500 -0.6250 0.0000 0.5236 3
A -0.7500 -0.6250 0.5236 1.0472 3
A -0.7500 -0.6250 1.0472 1.5708 3
A -0.7500 -0.6250 1.5708 2.0944 4
A -0.7500 -0.6250 2.0944 2.6180 6
A -0.7500 -0.6250 2.6180 3.1416 2
A -0.6250 -0.5000 -3.1416 -2.6180 2
A -0.6250 -0.5000 -2.6180 -2.0944 4
A -0.6250 -0.5000 -2.0944 -1.5708 2
A -0.6250 -0.5000 -1.5708 -1.0472 6
A -0.6250 -0.5000 -1.0472 -0.5236 5
A -0.6250 -0.5000 -0.5236 0.0000 2
A -0.6250 -0.5000 0.0000 0.5236 2
A -0.6250 -0.5000 0.5236 1.0472 4
A -0.6250 -0.5000 1.0472 1.5708 1
A -0.6250 -0.5000 1.5708 2.0944 1
A -0.6250 -0.5000 2.0944 2.6180 1
A -0.5000 -0.3750 -3.1416 -2.6180 1
A -0.5000 -0.3750 -2.6180 -2.0944 5
A -0.5000 -0.3750 -2.0944 -1.5708 4
A -0.5000 -0.3750 -1.5708 -1.0472 7
A -0.5000 -0.3750 -1.0472 -0.5236 6
A -0.5000 -0.3750 -0.5236 0.0000 3
A -0.5000 -0.3750 0.5236 1.0472 2
A -0.5000 -0.3750 1.0472 1.5708 1
A -0.5000 -0.3750 1.5708 2.0944 1
A -0.5000 -0.3750 2.0944 2.6180 2
A -0.5000 -0.3750 2.6180 3.1416 4
A -0.3750 -0.2500 -3.1416 -2.6180 1
A -0.3750 -0.2500 -2.6180 -2.0944 5
A -0.3750 -0.2500 -2.0944 -1.5708 3
A -0.3750 -0.2500 -1.5708 -1.0472 4
A -0.3750 -0.2500 -1.0472 -0.5236 1
A -0.3750 -0.2500 1.5708 2.0944 2
A -0.3750 -0.2500 2.0944 2.6180 3
A -0.2500 -0.1250 -2.6180 -2.0944 1
A -0.2500 -0.1250 -2.0944 -1.5708 2
A -0.2500 -0.1250 -1.0472 -0.5236 1
A -0.2500 -0.1250 -0.5236 0.0000 1
A -0.2500 -0.1250 0.5236 1.0472 1
A -0.2500 -0.1250 1.0472 1.5708 2
A -0.2500 -0.1250 1.5708 2.0944 2
A -0.2500 -0.1250 2.0944 2.6180 1
A -0.2500 -0.1250 2.6180 3.1416 5
A -0.1250 0.0000 -2.6180 -2.0944 2
A -0.1250 0.0000 -2.0944 -1.5708 1
A -0.1250 0.0000 -1.5708 -1.0472 2
A -0.1250 0.0000 0.5236 1.0472 1
A -0.1250 0.0000 1.5708 2.0944 1
A -0.1250 0.0000 2.6180 3.1416 1
A 0.0000 0.1250 -1.0472 -0.5236 2
A 0.0000 0.1250 1.5708 2.0944 2
A 0.1250 0.2500 -2.0944 -1.5708 1
A 0.1250 0.2500 -1.0472 -0.5236 2
A 0.1250 0.2500 1.0472 1.5708 2
A 0.2500 0.3750 -2.0944 -1.5708 1
A 0.2500 0.3750 -1.5708 -1.0472 1
A 0.2500 0.3750 -0.5236 0.0000 1
A 0.3750 0.5000 -2.6180 -2.0944 1
A 0.3750 0.5000 -1.0472 -0.5236 1
A 0.3750 0.5000 0.5236 1.0472 1
A 0.3750 0.5000 1.0472 1.5708 2
A 0.3750 0.5000 2.0944 2.6180 1
A 0.5000 0.6250 -1.5708 -1.0472 1
A 0.5000 0.6250 0.5236 1.0472 1
A 0.5000 0.6250 1.0472 1.5708 1
A 0.5000 0.6250 1.5708 2.0944 2
A 0.6250 0.7500 -2.0944 -1.5708 1
A 0.6250 0.7500 -1.5708 -1.0472 1
A 0.7500 0.8750 -2.0944 -1.5708 1
A 0.7500 0.8750 0.0000 0.5236 1
A 0.7500 0.8750 2.0944 2.6180 1
A 0.7500 0.8750 2.6180 3.1416 1

SPECIES 2212 215 binned
E 4.80044 4233.22 2
E 4233.22 4907.75 1
E 4907.75 5177.03 2
E 5177.03 6448.31 2
E 6448.31 6880.97 1
E 6880.97 9493.02 2
E 9493.02 10422.1 2
E 10422.1 12940.6 1
E 12940.6 16734.8 2
E 16734.8 17366.9 2
E 17366.9 19812.1 1
E 19812.1 21553.2 2
E 21553.2 21868.6 2
E 21868.6 23313.8 2
E 23313.8 25095.9 1
E 25095.9 26149.9 2
E 26149.9 27155.7 2
E 27155.7 28744.6 1
E 28744.6 30320.7 2
E 30320.7 31512.7 2
E 31512.7 32852.2 1
E 32852.2 35712.7 2
E 35712.7 35924.6 2
E 35924.6 37805.1 1
E 37805.1 38881.9 2
E 38881.9 40692.4 2
E 40692.4 42652.4 1
E 42652.4 43045.5 2
E 43045.5 43196.4 2
E 43196.4 44641.4 1
E 44641.4 45524.7 2
E 45524.7 46117.4 2
E 46117.4 46205.5 1
E 46205.5 47101.6 2
E 47101.6 49585.7 2
E 49585.7 50533.8 1
E 50533.8 51207.1 2
E 51207.1 53933.5 2
E 53933.5 54397 2
E 54397 57007 1
E 57007 59192.7 2
E 59192.7 59316.2 2
E 59316.2 64120 1
E 64120 70004 2
E 70004 71125 2
E 71125 71465.3 1
E 71465.3 72337.3 2
E 72337.3 74744.8 2
E 74744.8 75425.4 1
E 75425.4 81981.4 2
E 81981.4 82108.5 2
E 82108.5 87338.9 1
E 87338.9 89184.5 2
E 89184.5 89329.5 2
E 89329.5 93083.2 1
E 93083.2 96843.4 2
E 96843.4 97415.7 2
E 97415.7 98888.1 1
E 98888.1 101047 2
E 101047 103694 2
E 103694 105782 1
E 105782 110072 2
E 110072 110413 2
E 110413 112373 2
E 112373 112551 1
E 112551 113598 2
E 113598 115982 2
E 115982 119056 1
E 119056 119113 2
E 119113 121456 2
E 121456 125309 1
E 125309 126393 2
E 126393 131521 2
E 131521 132017 1
E 132017 132105 2
E 132105 136623 2
E 136623 139607 1
E 139607 139953 2
E 139953 142058 2
E 142058 148625 1
E 148625 149758 2
E 149758 155511 2
E 155511 156116 1
E 156116 158020 2
E 158020 163107 2
E 163107 164261 1
E 164261 164827 2
E 164827 168097 2
E 168097 169543 1
E 169543 170221 2
E 170221 181867 2
E 181867 186009 2
E 186009 187679 1
E 187679 192969 2
E 192969 203713 2
E 203713 205867 1
E 205867 213895 2
E 213895 228382 2
E 228382 231801 1
E 231801 233169 2
E 233169 240607 2
E 240607 245968 1
E 245968 248134 2
E 248134 272313 2
E 272313 286519 1
E 286519 316037 2
E 316037 323611 2
E 323611 332819 1
E 332819 366429 2
E 366429 388316 2
E 388316 408072 1
E 408072 414574 2
E 414574 433355 2
E 433355 459833 1
E 459833 460978 2
E 460978 522561 2
E 522561 543158 2
E 543158 550686 1
E 550686 580690 2
E 580690 587380 2
E 587380 638467 1
E 638467 734768 2
E 734768 758723 2
E 758723 848760 1
E 848760 923499 2
E 923499 988750 2
E 988750 1.1153e+06 1
E 1.1153e+06 2.4056e+06 2
A -1.0000 -0.8750 -3.1416 -2.6180 4
A -1.0000 -0.8750 -2.6180 -2.0944 1
A -1.0000 -0.8750 -2.0944 -1.5708 4
A -1.0000 -0.8750 -1.5708 -1.0472 6
A -1.0000 -0.8750 -1.0472 -0.5236 6
A -1.0000 -0.8750 -0.5236 0.0000 4
A -1.0000 -0.8750 0.0000 0.5236 3
A -1.0000 -0.8750 0.5236 1.0472 1
A -1.0000 -0.8750 1.0472 1.5708 1
A -1.0000 -0.8750 1.5708 2.0944 4
A -1.0000 -0.8750 2.0944 2.6180 3
A -1.0000 -0.8750 2.6180 3.1416 2
A -0.8750 -0.7500 -3.1416 -2.6180 8
A -0.8750 -0.7500 -2.6180 -2.0944 5
A -0.8750 -0.7500 -2.0944 -1.5708 12
A -0.8750 -0.7500 -1.5708 -1.0472 9
A -0.8750 -0.7500 -1.0472 -0.5236 8
A -0.8750 -0.7500 -0.5236 0.0000 2
A -0.8750 -0.7500 0.0000 0.5236 3
A -0.8750 -0.7500 0.5236 1.0472 2
A -0.8750 -0.7500 1.0472 1.5708 4
A -0.8750 -0.7500 2.0944 2.6180 1
A -0.8750 -0.7500 2.6180 3.1416 2
A -0.7500 -0.6250 -3.1416 -2.6180 4
A -0.7500 -0.6250 -2.6180 -2.0944 2
A -0.7500 -0.6250 -2.0944 -1.5708 6
A -0.7500 -0.6250 -1.5708 -1.0472 12
A -0.7500 -0.6250 -1.0472 -0.5236 10
A -0.7500 -0.6250 -0.5236 0.0000 4
A -0.7500 -0.6250 0.0000 0.5236 1
A -0.7500 -0.6250 0.5236 1.0472 2
A -0.7500 -0.6250 1.5708 2.0944 1
A -0.7500 -0.6250 2.0944 2.6180 2
A -0.7500 -0.6250 2.6180 3.1416 2
A -0.6250 -0.5000 -2.0944 -1.5708 8
A -0.6250 -0.5000 -1.5708 -1.0472 4
A -0.6250 -0.5000 -1.0472 -0.5236 4
A -0.6250 -0.5000 0.5236 1.0472 2
A -0.6250 -0.5000 1.5708 2.0944 4
A -0.6250 -0.5000 2.0944 2.6180 1
A -0.6250 -0.5000 2.6180 3.1416 1
A -0.5000 -0.3750 -2.6180 -2.0944 2
A -0.5000 -0.3750 -2.0944 -1.5708 5
A -0.5000 -0.3750 -1.5708 -1.0472 4
A -0.5000 -0.3750 -1.0472 -0.5236 2
A -0.5000 -0.3750 -0.5236 0.0000 1
A -0.5000 -0.3750 0.5236 1.0472 1
A -0.5000 -0.3750 1.0472 1.5708 2
A -0.5000 -0.3750 2.0944 2.6180 1
A -0.5000 -0.3750 2.6180 3.1416 1
A -0.3750 -0.2500 -3.1416 -2.6180 1
A -0.3750 -0.2500 -2.6180 -2.0944 1
A -0.3750 -0.2500 -2.0944 -1.5708 3
A -0.3750 -0.2500 -1.5708 -1.0472 4
A -0.3750 -0.2500 1.0472 1.5708 1
A -0.3750 -0.2500 2.0944 2.6180 2
A -0.2500 -0.1250 -2.6180 -2.0944 2
A -0.2500 -0.1250 -1.0472 -0.5236 1
A -0.2500 -0.1250 -0.5236 0.0000 1
A -0.1250 0.0000 -0.5236 0.0000 1
A -0.1250 0.0000 0.5236 1.0472 1
A 0.0000 0.1250 -1.5708 -1.0472 1
A 0.0000 0.1250 2.0944 2.6180 1
A 0.1250 0.2500 -3.1416 -2.6180 1
A 0.1250 0.2500 -2.6180 -2.0944 1
A 0.1250 0.2500 -1.5708 -1.0472 1
A 0.2500 0.3750 -1.0472 -0.5236 1
A 0.2500 0.3750 0.0000 0.5236 1
A 0.2500 0.3750 2.0944 2.6180 1
A 0.3750 0.5000 1.0472 1.5708 1
A 0.6250 0.7500 -2.0944 -1.5708 1
A 0.7500 0.8750 -0.5236 0.0000 1
A 0.7500 0.8750 1.0472 1.5708 1
A 0.7500 0.8750 1.5708 2.0944 1

SPECIES 211 93 raw
RAW 66154.4 -0.093285 0.862212 -0.497884
RAW 12546.5 0.652716 0.000080 -0.757603
RAW 315081 -0.131329 -0.788094 -0.601382
RAW 241117 -0.358466 -0.625209 -0.693265
RAW 345378 -0.167457 -0.457698 -0.873196
RAW 455843 -0.062608 -0.209358 -0.975833
RAW 135088 -0.091104 -0.546539 -0.832464
RAW 106477 -0.192084 -0.420395 -0.886776
RAW 711975 -0.184291 -0.729461 -0.658728
RAW 289903 0.180870 -0.115458 -0.976706
RAW 47580 -0.902661 0.130553 -0.410071
RAW 228250 0.287936 -0.806062 -0.517065
RAW 261812 -0.663686 -0.601353 -0.444855
RAW 258659 0.521780 0.318395 -0.791435
RAW 89191.5 0.417288 -0.564980 0.711806
RAW 152442 -0.025638 -0.530673 -0.847189
RAW 118256 0.163528 -0.346866 -0.923549
RAW 17222.3 0.335446 -0.247336 -0.909011
RAW 412414 0.642262 -0.468325 -0.606771
RAW 354690 -0.497846 -0.130425 -0.857402
RAW 174813 -0.053823 -0.253560 -0.965821
RAW 265522 -0.688435 -0.036895 -0.724359
RAW 154366 -0.182765 -0.681811 -0.708329
RAW 68610.9 0.383585 0.918461 -0.096400
RAW 435963 -0.052374 -0.472490 -0.879778
RAW 268975 0.208586 -0.108329 -0.971986
RAW 224708 -0.498227 -0.363157 -0.787329
RAW 127995 -0.247806 -0.315443 -0.916017
RAW 792380 -0.144653 -0.348892 -0.925932
RAW 283158 -0.321418 -0.853850 -0.409428
RAW 466599 0.204589 -0.678339 -0.705691
RAW 609875 -0.283002 -0.497804 -0.819818
RAW 209176 -0.102230 -0.262899 -0.959392
RAW 246458 -0.431741 -0.429827 -0.793000
RAW 217521 -0.008495 -0.673619 -0.739030
RAW 119211 0.616958 -0.775676 -0.133004
RAW 817618 0.167609 -0.886532 -0.431241
RAW 671223 0.076236 -0.183029 -0.980147
RAW 172380 -0.430750 -0.543285 -0.720621
RAW 129162 0.000003 -0.201622 -0.979463
RAW 232065 0.529638 0.318635 -0.786102
RAW 277923 0.188280 -0.647498 -0.738442
RAW 618593 -0.175045 -0.362371 -0.915449
RAW 294238 0.366534 -0.031447 -0.929873
RAW 249717 -0.431503 -0.181807 -0.883602
RAW 83260 0.367584 -0.245735 -0.896937
RAW 577066 -0.568615 -0.656043 -0.496270
RAW 133288 0.437253 -0.870691 -0.225184
RAW 315771 0.246369 -0.700788 -0.669476
RAW 479344 -0.029107 -0.600762 -0.798898
RAW 376593 -0.131310 -0.888225 -0.440244
RAW 423042 0.579134 -0.423678 -0.696492
RAW 105520 0.443946 -0.517921 -0.731211
RAW 326185 -0.063140 -0.390388 -0.918483
RAW 22231.9 0.065179 -0.063565 -0.995847
RAW 230146 -0.275408 -0.405369 -0.871680
RAW 125896 -0.522505 -0.219928 -0.823784
RAW 295675 -0.303385 -0.577676 -0.757792
RAW 241132 -0.295288 -0.506086 -0.810359
RAW 304957 0.117482 0.137096 -0.983566
RAW 658712 0.128631 -0.564924 -0.815055
RAW 635221 0.113608 -0.838560 -0.532832
RAW 113726 0.162216 -0.899549 -0.405584
RAW 263970 -0.514374 -0.127226 -0.848076
RAW 50740.2 -0.259795 -0.283709 -0.923047
RAW 188424 -0.490906 -0.619486 -0.612576
RAW 95502.4 0.673727 0.010987 -0.738898
RAW 218048 0.252746 -0.675653 -0.692541
RAW 127703 -0.200340 -0.759082 -0.619402
RAW 127910 0.149771 -0.840621 -0.520505
RAW 134611 -0.102053 0.152051 -0.983090
RAW 243414 0.180747 -0.228718 -0.956566
RAW 211163 0.326278 -0.532746 -0.780848
RAW 96646.6 0.545276 0.415607 -0.727973
RAW 182562 0.339277 -0.482118 -0.807746
RAW 1.11682e+06 -0.139173 -0.756790 -0.638670
RAW 69240.9 0.120560 -0.309551 -0.943209
RAW 30770.2 0.258080 -0.454976 -0.852286
RAW 105046 -0.090170 -0.485620 -0.869507
RAW 669942 -0.156652 -0.396450 -0.904593
RAW 334008 0.242768 -0.212602 -0.946501
RAW 229372 -0.589507 -0.309351 -0.746179
RAW 454439 -0.073287 -0.502455 -0.861492
RAW 171162 0.824373 -0.215270 -0.523515
RAW 188958 -0.120115 -0.034367 -0.992165
RAW 334829 0.071748 -0.410231 -0.909155
RAW 158834 0.143021 -0.551938 -0.821529
RAW 184160 0.164994 -0.643989 -0.747031
RAW 305155 0.117194 -0.167380 -0.978902
RAW 1.40098e+06 0.035053 -0.905811 -0.422230
RAW 326080 0.441255 -0.836352 -0.325285
RAW 128789 -0.469472 0.673674 -0.570754
RAW 706922 -0.300999 -0.630375 -0.715561

SPECIES -211 90 raw
RAW 141907 -0.324650 0.683953 -0.653307
RAW 606536 -0.030239 -0.718001 -0.695385
RAW 267549 -0.477942 -0.091379 -0.873625
RAW 709668 -0.445499 -0.825778 -0.345862
RAW 163773 0.122071 -0.890496 -0.438310
RAW 574163 -0.123732 -0.696403 -0.706904
RAW 246046 -0.456749 -0.822420 -0.339125
RAW 137548 -0.150135 -0.766667 -0.624245
RAW 73963 -0.345168 0.158827 -0.925004
RAW 184523 0.342605 0.383150 -0.857798
RAW 325210 -0.366916 -0.919996 -0.137765
RAW 564052 0.202817 -0.878476 -0.432602
RAW 359801 0.360441 -0.588517 -0.723692
RAW 349664 0.056867 -0.606077 -0.793370
RAW 49842.5 -0.049515 -0.899391 -0.434332
RAW 144294 0.078597 -0.130762 -0.988293
RAW 83490 0.063348 -0.202818 -0.977165
RAW 148292 0.222829 -0.196180 -0.954914
RAW 156489 -0.550634 -0.332308 -0.765750
RAW 119224 -0.441824 -0.383551 -0.810975
RAW 63229.4 0.452842 0.428399 -0.781926
RAW 792268 0.146183 -0.815050 -0.560646
RAW 201392 -0.216948 -0.365891 -0.905018
RAW 173258 0.292874 -0.139071 -0.945983
RAW 446947 0.198721 -0.677502 -0.708168
RAW 165368 -0.310033 -0.241196 -0.919622
RAW 67616.3 0.105850 -0.236668 -0.965807
RAW 167332 0.152993 0.135324 -0.978918
RAW 113533 0.004840 -0.576103 -0.817363
RAW 173172 -0.043104 -0.249157 -0.967503
RAW 129608 -0.529377 -0.245119 -0.812205
RAW 231426 0.262064 -0.291089 -0.920103
RAW 281965 0.250660 0.222657 -0.942122
RAW 376402 0.145459 -0.110327 -0.983194
RAW 78026.7 -0.458485 -0.393839 -0.796669
RAW 309106 -0.371957 -0.443779 -0.815296
RAW 140212 0.035000 -0.182882 -0.982512
RAW 140772 -0.332805 0.048312 -0.941757
RAW 451997 -0.320927 -0.561314 -0.762845
RAW 260642 -0.494406 -0.405212 -0.769003
RAW 145823 0.291048 0.154955 -0.944076
RAW 512888 0.399907 -0.453212 -0.796664
RAW 205737 -0.421537 -0.516188 -0.745558
RAW 82108.4 -0.407115 0.781160 -0.473335
RAW 186906 0.653453 0.175538 -0.736333
RAW 108870 -0.011941 -0.612836 -0.790120
RAW 270415 0.086674 -0.504263 -0.859189
RAW 118312 -0.132217 -0.508892 -0.850616
RAW 377687 0.413281 -0.451198 -0.790961
RAW 182264 0.549575 0.296921 -0.780900
RAW 243637 -0.723809 -0.000667 -0.690000
RAW 130706 0.344764 0.467230 -0.814146
RAW 316698 -0.687542 -0.689685 -0.227202
RAW 119949 -0.728636 -0.391686 -0.561847
RAW 138772 0.047134 0.806672 -0.589116
RAW 193670 -0.412469 -0.509482 -0.755180
RAW 757897 0.344729 -0.529789 -0.774910
RAW 108518 -0.450459 -0.695663 -0.559589
RAW 281675 -0.441928 -0.640001 -0.628569
RAW 192568 -0.394035 -0.621594 -0.677021
RAW 17095.7 -0.025486 0.234135 -0.971870
RAW 42062.8 -0.126693 -0.667850 -0.733434
RAW 452355 0.605440 -0.407049 -0.683925
RAW 335795 0.102082 -0.691672 -0.714961
RAW 461502 0.259488 -0.476984 -0.839733
RAW 45381.2 -0.312244 -0.417736 -0.853229
RAW 266766 0.247536 -0.752171 -0.610708
RAW 372883 -0.030661 -0.847274 -0.530270
RAW 231524 -0.217846 -0.244791 -0.944786
RAW 129982 -0.368375 0.183308 -0.911426
RAW 184711 0.217360 -0.634983 -0.741318
RAW 19183.5 0.316455 -0.511654 -0.798790
RAW 225929 -0.567832 -0.474474 -0.672638
RAW 47918 -0.648916 -0.195027 -0.735440
RAW 587796 0.209372 -0.796375 -0.567407
RAW 715827 -0.338083 -0.500561 -0.796956
RAW 666239 0.244749 -0.703534 -0.667187
RAW 225136 -0.416664 -0.712761 -0.564237
RAW 164200 0.250997 -0.694703 -0.674083
RAW 65921.7 -0.354161 0.339272 -0.871473
RAW 46600.8 0.749923 -0.429455 -0.503174
RAW 114635 -0.670362 -0.254002 -0.697207
RAW 351189 -0.060455 -0.011743 -0.998102
RAW 372502 -0.384793 0.031298 -0.922472
RAW 112481 -0.413336 -0.465496 -0.782603
RAW 281184 -0.113097 -0.531612 -0.839403
RAW 306240 -0.703054 -0.508361 -0.497277
RAW 498547 0.141985 -0.664540 -0.733639
RAW 420532 -0.253655 -0.790005 -0.558168
RAW 77004.3 0.785233 -0.425863 -0.449499

SPECIES -13 29 raw
RAW 50591.4 0.248384 -0.022919 -0.968390
RAW 506589 -0.064842 -0.731680 -0.678557
RAW 521931 -0.273231 -0.855792 -0.439278
RAW 67262 -0.188555 0.272627 -0.943463
RAW 320987 0.281444 -0.935770 -0.212426
RAW 426476 0.135858 -0.834371 -0.534198
RAW 635490 0.404851 -0.873560 -0.270164
RAW 313539 -0.527090 -0.285236 -0.800510
RAW 112736 0.434501 -0.630952 -0.642735
RAW 185144 0.392582 0.057181 -0.917938
RAW 191642 -0.612524 -0.623835 -0.485432
RAW 125127 -0.214192 -0.840617 -0.497478
RAW 803299 -0.051912 -0.922602 -0.382245
RAW 184186 0.434462 -0.764073 -0.476901
RAW 19816.7 0.039165 -0.394622 -0.918009
RAW 242849 0.017405 -0.575572 -0.817566
RAW 35762.5 0.423185 -0.619757 -0.660920
RAW 81169.8 -0.547437 -0.298162 -0.781929
RAW 80191.9 0.092913 -0.685104 -0.722496
RAW 151675 -0.318833 0.211429 -0.923928
RAW 29652.5 0.262113 -0.655271 -0.708460
RAW 426333 -0.303086 -0.832752 -0.463318
RAW 37625.8 -0.102608 -0.755286 -0.647313
RAW 120166 0.333914 -0.671315 -0.661693
RAW 76997.2 0.082487 -0.190502 -0.978215
RAW 110063 0.550240 -0.061169 -0.832763
RAW 165792 0.273598 -0.811793 -0.515885
RAW 11006.8 -0.121907 -0.956847 -0.263786
RAW 144314 -0.080830 -0.424331 -0.901892

SPECIES 13 29 raw
RAW 34628.6 -0.155450 0.341243 -0.927032
RAW 23476.3 -0.050210 -0.485232 -0.872943
RAW 207072 0.376710 0.215429 -0.900933
RAW 310230 -0.210857 -0.728532 -0.651752
RAW 78258.9 0.125389 -0.038023 -0.991379
RAW 129379 0.128321 -0.265079 -0.955650
RAW 919518 0.244815 -0.817356 -0.521531
RAW 90557.3 -0.340495 0.366253 -0.865980
RAW 27970.4 0.621355 -0.440271 -0.648135
RAW 177388 0.159901 -0.747222 -0.645051
RAW 44614.9 0.466484 -0.611953 -0.638676
RAW 7498.67 -0.192236 -0.695004 -0.692831
RAW 31729.8 -0.429971 -0.267998 -0.862150
RAW 81297.9 0.042396 -0.157459 -0.986615
RAW 102863 0.306953 -0.919018 -0.247359
RAW 3184.5 -0.089955 -0.830382 -0.549886
RAW 52123.3 -0.718996 -0.169681 -0.673983
RAW 16800.2 0.718731 -0.379527 -0.582567
RAW 100967 -0.183419 -0.553372 -0.812488
RAW 55004.2 0.165584 -0.793199 -0.586018
RAW 153498 0.027651 -0.686662 -0.726451
RAW 69683.2 0.193245 -0.789387 -0.582687
RAW 104105 0.383560 -0.599393 -0.702573
RAW 78538.5 -0.320172 0.393014 -0.861992
RAW 173738 -0.299706 -0.707072 -0.640488
RAW 66558.4 -0.061220 -0.877834 -0.475037
RAW 215493 -0.469031 -0.597711 -0.650193
RAW 261254 -0.027888 -0.569520 -0.821504
RAW 114381 -0.196563 -0.744364 -0.638189

SPECIES 130 10 raw
RAW 717395 -0.243857 -0.646591 -0.722810
RAW 364029 -0.038282 -0.571643 -0.819609
RAW 48887.4 0.221928 -0.678984 -0.699806
RAW 36565.8 0.568136 -0.548342 0.613631
RAW 262715 0.543725 -0.346283 -0.764494
RAW 479089 0.068449 -0.725231 -0.685094
RAW 569650 0.406766 -0.627644 -0.663780
RAW 162950 -0.509926 -0.378769 -0.772341
RAW 178245 -0.594271 -0.118154 -0.795539
RAW 215341 0.366016 -0.844817 -0.390276

SPECIES 1000010020 2 raw
RAW 60286 0.723854 -0.667330 0.175229
RAW 17477.6 -0.157714 0.499506 0.851833

SPECIES 1000010030 1 raw
RAW 12663.9 0.415158 0.565030 -0.713011

SPECIES 321 1 raw
RAW 302915 0.119531 -0.699078 -0.704984
